100
62 211
7 65
122 1000
484 742
453 650
1 4
168 589
8 122
642 811
185 702
1 742
21 221
1 65
120 742
206 696
122 483
1 5
3 10
303 484
653 826
121 584
121 484
159 842
21 484
1 121
1 584
7 121
9 121
7 9
139 678
162 828
484 584
384 742
9 302
1 302
334 355
1 101
120 484
7 109
802 864
3 4
3 9
376 590
9 122
375 965
100 1000
164 255
453 654
1 6
21 121
120 485
211 772
455 957
4 121
472 966
464 726
65 742
9 221
3 109
3 6
1 9
65 484
3 65
384 484
4 302
873 901
1 485
1 1
7 484
420 489
1 104
39 804
155 740
1 221
65 302
483 584
7 221
523 858
230 420
8 221
1 2
3 121
21 302
4 5
1 109
479 831
3 5
9 10
8 65
265 492
89 569
303 584
87 253
10 120
3 221
1 122
1 1000
4 484
121 122
120 584
